# Gao et al. (2018) - Teff = 400 K, log10(g [cm s^-2]) = 5.25
# P [bar], T [K], g [cm s^-2], Kzz [cm^2 s^-1], mu [g mol^-1], H2 VMR [-], He VMR [-]
0.0030172198385188397, 115.13019522510581, 1.778279410038923e5, 1.0e8, 2.33, 0.85, 0.15
0.005134954326238843, 131.09570464841389, 1.778279410038923e5, 1.0e8, 2.33, 0.85, 0.15
0.0069951826580174105, 140.6744399273914, 1.778279410038923e5, 1.0e8, 2.33, 0.85, 0.15
0.00941214482181811, 149.19013878649892, 1.778279410038923e5, 1.0e8, 2.33, 0.85, 0.15
0.015057590073724172, 160.37162783601167, 1.778279410038923e5, 1.0e8, 2.33, 0.85, 0.15
0.02321161947183622, 168.89516935146955, 1.778279410038923e5, 1.0e8, 2.33, 0.85, 0.15
0.03363597805785468, 175.8216608464652, 1.778279410038923e5, 1.0e8, 2.33, 0.85, 0.15
0.050584081848070006, 183.81261469884925, 1.778279410038923e5, 1.0e8, 2.33, 0.85, 0.15
0.0724007991265739, 190.73839322508587, 1.778279410038923e5, 1.0e8, 2.33, 0.85, 0.15
0.10622257175084374, 199.25908286550725, 1.778279410038923e5, 1.0e8, 2.33, 0.85, 0.15
0.16374667423873152, 209.37610955763162, 1.778279410038923e5, 1.0e8, 2.33, 0.85, 0.15
0.24932000842520013, 218.96126155544127, 1.778279410038923e5, 1.0e8, 2.33, 0.85, 0.15
0.3568648162196786, 230.66749561167748, 1.778279410038923e5, 1.0e8, 2.33, 0.85, 0.15
0.4684554788736289, 242.89990061215522, 1.778279410038923e5, 1.0e8, 2.33, 0.85, 0.15
0.6303705122058713, 262.03883398237275, 1.778279410038923e5, 1.0e8, 2.33, 0.85, 0.15
0.797374964117735, 276.9249087043506, 1.778279410038923e5, 1.0e8, 2.33, 0.85, 0.15
0.996235636991551, 292.3414321831248, 1.778279410038923e5, 1.0e8, 2.33, 0.85, 0.15
1.3078817835305123, 316.2593951458237, 1.778279410038923e5, 1.0e8, 2.33, 0.85, 0.15
1.6341385756197933, 337.51869760570855, 1.778279410038923e5, 1.0e8, 2.33, 0.85, 0.15
1.9432086916190878, 355.0570161116682, 1.778279410038923e5, 1.0e8, 2.33, 0.85, 0.15
2.3981713577917936, 378.97141423057144, 1.778279410038923e5, 1.0e8, 2.33, 0.85, 0.15
3.071565471324529, 406.07492160908515, 1.778279410038923e5, 1.0e8, 2.33, 0.85, 0.15
3.7908094255216938, 433.1762900813217, 1.778279410038923e5, 1.0e8, 2.33, 0.85, 0.15
4.343691033103537, 451.77479313211495, 1.778279410038923e5, 1.0e8, 2.33, 0.85, 0.15
4.7958037103062345, 465.59070174663117, 1.778279410038923e5, 1.0e8, 2.33, 0.85, 0.15
5.427695075567996, 483.12616837755434, 1.778279410038923e5, 1.0e8, 2.33, 0.85, 0.15
6.454761887209212, 510.22539794351326, 1.778279410038923e5, 1.0e8, 2.33, 0.85, 0.15
7.771632209420174, 536.7941787526757, 1.778279410038923e5, 1.0e8, 2.33, 0.85, 0.15
9.474268847960637, 572.3934218650409, 1.778279410038923e5, 1.0e8, 2.33, 0.85, 0.15
11.267550198812526, 604.804268686555, 1.778279410038923e5, 1.0e8, 2.33, 0.85, 0.15
13.90689562834238, 639.8730630421238, 1.778279410038923e5, 1.0e8, 2.33, 0.85, 0.15
16.953593230724994, 674.9411444289335, 1.778279410038923e5, 1.0e8, 2.33, 0.85, 0.15
22.26292645553827, 730.7288109249632, 1.778279410038923e5, 1.0e8, 2.33, 0.85, 0.15
26.974889245061583, 774.2951234362816, 1.778279410038923e5, 1.0e8, 2.33, 0.85, 0.15
33.92208233940537, 828.4868093649875, 1.778279410038923e5, 1.0e8, 2.33, 0.85, 0.15
40.84950187219338, 875.2397357452596, 1.778279410038923e5, 1.0e8, 2.33, 0.85, 0.15
45.66915863345824, 907.1158559974223, 1.778279410038923e5, 1.0e8, 2.33, 0.85, 0.15
52.01358088156993, 940.0553691538349, 1.778279410038923e5, 1.0e8, 2.33, 0.85, 0.15
58.87458153566842, 973.5256875514233, 1.778279410038923e5, 1.0e8, 2.33, 0.85, 0.15
64.6096033846899, 1001.6826062715588, 1.778279410038923e5, 1.0e8, 2.33, 0.85, 0.15
71.78623075743235, 1031.43372313712, 1.778279410038923e5, 1.0e8, 2.33, 0.85, 0.15
82.7860685870436, 1079.246477577846, 1.778279410038923e5, 1.0e8, 2.33, 0.85, 0.15
96.65819810906135, 1125.9976215362199, 1.778279410038923e5, 1.0e8, 2.33, 0.85, 0.15
112.85680098084299, 1174.873412396816, 1.778279410038923e5, 1.0e8, 2.33, 0.85, 0.15
128.5530304321636, 1224.8101007710052, 1.778279410038923e5, 1.0e8, 2.33, 0.85, 0.15
144.61413178075838, 1258.8112244097688, 1.778279410038923e5, 1.0e8, 2.33, 0.85, 0.15
158.71292573874987, 1295.9978924643488, 1.778279410038923e5, 1.0e8, 2.33, 0.85, 0.15
179.6617800492673, 1338.4979601963805, 1.778279410038923e5, 1.0e8, 2.33, 0.85, 0.15
200.87864552815813, 1382.0596384107648, 1.778279410038923e5, 1.0e8, 2.33, 0.85, 0.15
227.39901521076925, 1427.74667649613, 1.778279410038923e5, 1.0e8, 2.33, 0.85, 0.15
252.67325359115523, 1464.934057519468, 1.778279410038923e5, 1.0e8, 2.33, 0.85, 0.15
275.5933066573336, 1499.9957221874458, 1.778279410038923e5, 1.0e8, 2.33, 0.85, 0.15
