# Gao et al. (2018) - Teff = 400 K, log10(g [cm s^-2]) = 4.25
# P [bar], T [K], g [cm s^-2], Kzz [cm^2 s^-1], mu [g mol^-1], H2 VMR [-], He VMR [-]
0.0030180388924620242, 148.06222220954757, 1.778279410038923e4, 1.0e8, 2.33, 0.85, 0.15
0.003457744250385544, 150.1947117681199, 1.778279410038923e4, 1.0e8, 2.33, 0.85, 0.15
0.006496327843057375, 164.04127803927884, 1.778279410038923e4, 1.0e8, 2.33, 0.85, 0.15
0.01251068991563269, 177.88927024795646, 1.778279410038923e4, 1.0e8, 2.33, 0.85, 0.15
0.024242597512619944, 191.73761894101355, 1.778279410038923e4, 1.0e8, 2.33, 0.85, 0.15
0.046976931694642635, 207.71061453629224, 1.778279410038923e4, 1.0e8, 2.33, 0.85, 0.15
0.0840070074630366, 230.58407826685868, 1.778279410038923e4, 1.0e8, 2.33, 0.85, 0.15
0.14477201565968106, 266.2032845044797, 1.778279410038923e4, 1.0e8, 2.33, 0.85, 0.15
0.24642598381619324, 302.35293949889723, 1.778279410038923e4, 1.0e8, 2.33, 0.85, 0.15
0.37997274626090244, 343.27734627324116, 1.778279410038923e4, 1.0e8, 2.33, 0.85, 0.15
0.5787197167182682, 389.51265733438095, 1.778279410038923e4, 1.0e8, 2.33, 0.85, 0.15
0.8441003025470684, 436.27663473041963, 1.778279410038923e4, 1.0e8, 2.33, 0.85, 0.15
1.2085806708432534, 485.6953513010969, 1.778279410038923e4, 1.0e8, 2.33, 0.85, 0.15
1.677799694584544, 536.7057706265429, 1.778279410038923e4, 1.0e8, 2.33, 0.85, 0.15
2.2722835015645937, 586.6524405633597, 1.778279410038923e4, 1.0e8, 2.33, 0.85, 0.15
2.9837215548261655, 635.5350046271676, 1.778279410038923e4, 1.0e8, 2.33, 0.85, 0.15
3.918095181122965, 690.2603476720858, 1.778279410038923e4, 1.0e8, 2.33, 0.85, 0.15
5.0193746111050785, 743.9219413283753, 1.778279410038923e4, 1.0e8, 2.33, 0.85, 0.15
6.470180661223808, 799.7085383712661, 1.778279410038923e4, 1.0e8, 2.33, 0.85, 0.15
7.986929338542918, 852.3056696701667, 1.778279410038923e4, 1.0e8, 2.33, 0.85, 0.15
9.982187333789447, 908.6216460167152, 1.778279410038923e4, 1.0e8, 2.33, 0.85, 0.15
12.171091490176181, 963.8738729746343, 1.778279410038923e4, 1.0e8, 2.33, 0.85, 0.15
14.74853126235352, 1019.125743448174, 1.778279410038923e4, 1.0e8, 2.33, 0.85, 0.15
17.65173836143931, 1071.1899305996212, 1.778279410038923e4, 1.0e8, 2.33, 0.85, 0.15
21.127636018519347, 1130.1592201832907, 1.778279410038923e4, 1.0e8, 2.33, 0.85, 0.15
24.976517967065732, 1185.4096647193119, 1.778279410038923e4, 1.0e8, 2.33, 0.85, 0.15
29.34447959068384, 1240.1285910453983, 1.778279410038923e4, 1.0e8, 2.33, 0.85, 0.15
34.263866283880134, 1294.8471608871043, 1.778279410038923e4, 1.0e8, 2.33, 0.85, 0.15
40.008477503702096, 1351.159215905478, 1.778279410038923e4, 1.0e8, 2.33, 0.85, 0.15
54.21289245552179, 1464.8452929089558, 1.778279410038923e4, 1.0e8, 2.33, 0.85, 0.15
58.76565816564754, 1498.8442776414429, 1.778279410038923e4, 1.0e8, 2.33, 0.85, 0.15
