# Gao et al. (2018) - Teff = 400 K, log10(g [cm s^-2]) = 3.25
# P [bar], T [K], g [cm s^-2], Kzz [cm^2 s^-1], mu [g mol^-1], H2 VMR [-], He VMR [-]
0.0030186599363492394, 173.0268233106564, 1.778279410038923e3, 1.0e8, 2.33, 0.85, 0.15
0.0051371128359286745, 182.08723030174278, 1.778279410038923e3, 1.0e8, 2.33, 0.85, 0.15
0.00977171756921976, 198.05915644388315, 1.778279410038923e3, 1.0e8, 2.33, 0.85, 0.15
0.017912146732903898, 223.05869301418954, 1.778279410038923e3, 1.0e8, 2.33, 0.85, 0.15
0.030677691354716766, 256.0217341396536, 1.778279410038923e3, 1.0e8, 2.33, 0.85, 0.15
0.052868097440052296, 292.1721021028303, 1.778279410038923e3, 1.0e8, 2.33, 0.85, 0.15
0.08407801610849125, 333.0982912990722, 1.778279410038923e3, 1.0e8, 2.33, 0.85, 0.15
0.12805495428563876, 378.8024406346564, 1.778279410038923e3, 1.0e8, 2.33, 0.85, 0.15
0.1879321247184932, 423.973289338408, 1.778279410038923e3, 1.0e8, 2.33, 0.85, 0.15
0.26576646097659107, 469.67316086143785, 1.778279410038923e3, 1.0e8, 2.33, 0.85, 0.15
0.37585985352852835, 522.8092965422444, 1.778279410038923e3, 1.0e8, 2.33, 0.85, 0.15
0.5090246783063084, 570.1001578512836, 1.778279410038923e3, 1.0e8, 2.33, 0.85, 0.15
0.697990296170983, 625.3591580124146, 1.778279410038923e3, 1.0e8, 2.33, 0.85, 0.15
0.9052894074188658, 677.4279794607965, 1.778279410038923e3, 1.0e8, 2.33, 0.85, 0.15
1.1669297990048504, 730.5587678759096, 1.778279410038923e3, 1.0e8, 2.33, 0.85, 0.15
1.467425820342606, 781.5634834512824, 1.778279410038923e3, 1.0e8, 2.33, 0.85, 0.15
1.856833922167278, 838.4113344921457, 1.778279410038923e3, 1.0e8, 2.33, 0.85, 0.15
2.2921355609082865, 892.0707892421574, 1.778279410038923e3, 1.0e8, 2.33, 0.85, 0.15
2.8295478503220766, 948.3860526199466, 1.778279410038923e3, 1.0e8, 2.33, 0.85, 0.15
3.428723675199378, 1002.5755996423752, 1.778279410038923e3, 1.0e8, 2.33, 0.85, 0.15
4.154888152613825, 1059.9521170181372, 1.778279410038923e3, 1.0e8, 2.33, 0.85, 0.15
4.911667008950642, 1112.0155912008256, 1.778279410038923e3, 1.0e8, 2.33, 0.85, 0.15
5.842570653237284, 1169.922200849004, 1.778279410038923e3, 1.0e8, 2.33, 0.85, 0.15
6.864185102148129, 1221.9853185473123, 1.778279410038923e3, 1.0e8, 2.33, 0.85, 0.15
8.21592022310735, 1282.0169315820926, 1.778279410038923e3, 1.0e8, 2.33, 0.85, 0.15
9.417080341483103, 1337.7967554217714, 1.778279410038923e3, 1.0e8, 2.33, 0.85, 0.15
10.92812031194506, 1393.5772922302094, 1.778279410038923e3, 1.0e8, 2.33, 0.85, 0.15
12.681895376503643, 1452.0136376664257, 1.778279410038923e3, 1.0e8, 2.33, 0.85, 0.15
14.268089229765689, 1500.8872896207452, 1.778279410038923e3, 1.0e8, 2.33, 0.85, 0.15
